submission,TP_1,FP_1,FN_1,TN_1,AUC_1,TP_2,FP_2,FN_2,TN_2,AUC_2,TP_3,FP_3,FN_3,TN_3,AUC_3,TP_4,FP_4,FN_4,TN_4,AUC_4,TP_5,FP_5,FN_5,TN_5,AUC_5
pearrr_original-overall,33,16,25,41,0.6441318814277073,35,10,23,47,0.7140048396854204,30,13,28,44,0.6445856019358741,35,16,23,41,0.661373260738052,32,14,26,43,0.6530550514216575
pearrr_original-male,22,12,12,20,0.6360294117647058,23,7,11,25,0.7288602941176471,19,10,15,22,0.6231617647058824,23,11,11,21,0.666360294117647,21,9,13,23,0.6681985294117647
pearrr_original-female,11,4,13,21,0.6491666666666666,12,3,12,22,0.6900000000000001,11,3,13,22,0.6691666666666666,12,5,12,20,0.6500000000000001,11,5,13,20,0.6291666666666667
abethe_original-overall,33,15,25,42,0.6529038112522687,35,14,23,43,0.6789171203871749,36,18,22,39,0.6524500907441015,28,14,30,43,0.618572292800968,40,18,18,39,0.6869328493647914
abethe_original-male,21,13,13,19,0.6056985294117647,26,11,8,21,0.7104779411764706,22,12,12,20,0.6360294117647058,16,10,18,22,0.5790441176470589,24,12,10,20,0.6654411764705883
abethe_original-female,12,2,12,23,0.7100000000000001,9,3,15,22,0.6275,14,6,10,19,0.6716666666666666,12,4,12,21,0.67,16,6,8,19,0.7133333333333333
amicie_original-overall,34,11,24,46,0.6966122202056867,34,16,24,41,0.6527525710828797,32,16,26,41,0.6355111917725348,38,19,20,38,0.6609195402298852,38,17,20,40,0.6784633998790077
amicie_original-male,22,7,12,25,0.7141544117647058,25,13,9,19,0.6645220588235294,19,10,15,22,0.6231617647058824,23,11,11,21,0.666360294117647,21,12,13,20,0.6213235294117647
amicie_original-female,12,4,12,21,0.67,9,3,15,22,0.6275,13,6,11,19,0.6508333333333333,15,8,9,17,0.6525,17,5,7,20,0.7541666666666668
ayoub_ghriss_original-overall,38,21,20,36,0.6433756805807622,39,15,19,42,0.7046279491833032,34,14,24,43,0.6702964307320025,40,19,18,38,0.67816091954023,37,14,21,43,0.6961584996975196
ayoub_ghriss_original-male,24,16,10,16,0.6029411764705883,22,10,12,22,0.6672794117647058,19,9,15,23,0.6387867647058824,23,11,11,21,0.666360294117647,22,9,12,23,0.6829044117647058
ayoub_ghriss_original-female,14,5,10,20,0.6916666666666668,17,5,7,20,0.7541666666666668,15,5,9,20,0.7125,17,8,7,17,0.6941666666666666,15,5,9,20,0.7125
lbg_original-overall,36,19,22,38,0.6436781609195402,34,17,24,40,0.6439806412583182,41,16,17,41,0.7130973986690865,35,16,23,41,0.661373260738052,34,18,24,39,0.6352087114337568
lbg_original-male,23,12,11,20,0.6507352941176471,21,13,13,19,0.6056985294117647,24,11,10,21,0.6810661764705883,20,11,14,21,0.6222426470588236,20,13,14,19,0.5909926470588236
lbg_original-female,13,7,11,18,0.6308333333333332,13,4,11,21,0.6908333333333333,17,5,7,20,0.7541666666666668,15,5,9,20,0.7125,14,5,10,20,0.6916666666666668
mk_original-overall,34,13,24,44,0.6790683605565638,37,15,21,42,0.6873865698729583,34,14,24,43,0.6702964307320025,28,11,30,46,0.6448880822746522,36,19,22,38,0.6436781609195402
mk_original-male,20,9,14,23,0.6534926470588236,22,11,12,21,0.6516544117647058,19,9,15,23,0.6387867647058824,17,7,17,25,0.640625,19,12,15,20,0.5919117647058824
mk_original-female,14,4,10,21,0.7116666666666667,15,4,9,21,0.7325,15,5,9,20,0.7125,11,4,13,21,0.6491666666666666,17,7,7,18,0.7141666666666666
nguigui_original-overall,35,16,23,41,0.661373260738052,38,18,20,39,0.6696914700544464,40,19,18,38,0.67816091954023,38,18,20,39,0.6696914700544464,41,16,17,41,0.7130973986690865
nguigui_original-male,24,11,10,21,0.6810661764705883,23,12,11,20,0.6507352941176471,23,12,11,20,0.6507352941176471,23,11,11,21,0.666360294117647,25,11,9,21,0.6957720588235294
nguigui_original-female,11,5,13,20,0.6291666666666667,15,6,9,19,0.6925,17,7,7,18,0.7141666666666666,15,7,9,18,0.6725,16,5,8,20,0.7333333333333333
Slasnista_original-overall,35,13,23,44,0.6876890502117362,38,16,20,41,0.6872353297035693,41,15,17,42,0.7218693284936479,40,15,18,42,0.7132486388384756,36,16,22,41,0.6699939503932244
Slasnista_original-male,24,11,10,21,0.6810661764705883,24,11,10,21,0.6810661764705883,23,10,11,22,0.6819852941176471,25,12,9,20,0.6801470588235294,23,12,11,20,0.6507352941176471
Slasnista_original-female,11,2,13,23,0.6891666666666666,14,5,10,20,0.6916666666666668,18,5,6,20,0.7750000000000001,15,3,9,22,0.7525,13,4,11,21,0.6908333333333333
vzantedeschi_original-overall,23,10,35,47,0.6105565638233514,25,11,33,46,0.619026013309135,26,14,32,43,0.6013309134906231,24,8,34,49,0.6367211131276467,25,7,33,50,0.6541137326073806
vzantedeschi_original-male,12,8,22,24,0.551470588235294,16,8,18,24,0.6102941176470589,15,10,19,22,0.5643382352941176,13,7,21,25,0.5818014705882353,14,5,20,27,0.6277573529411764
vzantedeschi_original-female,11,2,13,23,0.6891666666666666,9,3,15,22,0.6275,11,4,13,21,0.6491666666666666,11,1,13,24,0.7091666666666666,11,2,13,23,0.6891666666666666
wwwwmmmm_original-overall,42,26,16,31,0.6339987900786449,42,20,16,37,0.6866303690260133,47,31,11,26,0.6332425892317,40,23,18,34,0.6430732002419843,43,28,15,29,0.6250756200846945
wwwwmmmm_original-male,27,17,7,15,0.6314338235294117,24,13,10,19,0.6498161764705883,26,17,8,15,0.6167279411764706,25,15,9,17,0.6332720588235294,26,17,8,15,0.6167279411764706
wwwwmmmm_original-female,15,9,9,16,0.6325000000000001,18,7,6,18,0.735,21,14,3,11,0.6575,15,8,9,17,0.6525,17,11,7,14,0.6341666666666668
